mgc_rve_context_lcv "MULTIPLIER" "TGFA_2010" "layout" 2000
mgc_rve_highlight_index 0 "GND" "#FFFF0000FFFF"
mgc_rve_layer "metal1"
mp 28 -7.305 1.2825 -5.725 1.2825 -5.725 1.4125 -5.7225 1.4125 -5.7225 1.65 -5.5825 1.65 -5.5825 1.6525 -4.9575 1.6525 -4.9575 1.7225 -5.22 1.7225 -5.22 1.95 -5.315 1.95 -5.315 1.7225 -5.4925 1.7225 -5.4925 1.9475 -5.5575 1.9475 -5.5575 1.725 -5.625 1.725 -5.625 1.7225 -5.9225 1.7225 -5.9225 1.7175 -5.9275 1.7175 -5.9275 1.5075 -6.31 1.5075 -6.31 1.895 -6.44 1.895 -6.44 1.5075 -7.305 1.5075
mgc_rve_layer "psrcdrn"
mr -5.57 1.835 -5.48 1.925
mgc_rve_layer "nsrcdrn"
mr -6.515 1.7475 -6.2275 1.835
mr -5.315 1.8375 -5.19 1.9275
mgc_rve_layer "pwell"
mr -5.625 1.74 -4.9575 2.03
mgc_rve_layer "pcont1"
mr -5.57 1.835 -5.48 1.925
mgc_rve_zoom -7.808 1.1225 -4.4545 2.19 1
